2736059
2741148
2735525
2740693
2820195
2732874
2776541
2776298
2741262
2736710
2765824
2768757
2744268
2686473
2735270
2701885
2731130
2770876
2737103
2750739
2771154
2681467
2736875
2692980
2770936
2730771
2814064
2743147
2736695
2793971
2736265
2697127
2696714
2809179
2725024
2720434
2686721
2737000
2732202
2770953
2769878
2734407
2737580
2771179
2770344
2736481
2736525
2741738
2742838
2736231
2682637
2729944
2741774
2741522
2736638
2737529
2698070
2737628
2771054
2742494
2737239
2733739
2736972
2736799
2684897
2872422
2678063
2736102
2736557
2737320
2732008
2732075
2737133
2737504
2771356
2697054
2737120
2736376
2733237
2770805
2772802
2737798
2820548
2736076
2686112
2724057
2700599
2728223
2775575
2736108
2738857
2735245
2652007
2732234
2730313
2810997
2686381
2726472
2726471
2766461
2736615
2765475
3736866
2735829
2729386
2781391
2735550
2735688
2769901
2697054
2696735
2697853
2736048
2724487
2694261
2728904
2769264
2685336
2736147
2771276
2764328
2749582
2740407
2695054
2695624
2735949
2771324
2698562
2684439
2736371
2742264
2770028
2794498
2740657
2700005
2736960
2736936
2782527
2783478
2731383
2108904
2770427
2110091
2787033
2760381
2764595
2762186
2695247
2765124
2759246
2736792
2740138
2682125
2761956
2736256
2765288
2768052
2736389
2697281
2697091
2767413
2770567
2736806
2770713
2735344
2728449
2818241
2764381
2736985
2762408
2732019
2773516
2730513
2696801
2770762
2740594
2736167